1 0.896063
1.1 0.886327
1.2 0.877357
1.3 0.894439
1.4 0.903666
1.5 0.871912
1.6 0.890826
1.7 0.893688
1.8 0.90411
1.9 0.878881
2 0.888355
2.1 0.895207
2.2 0.886582
2.3 0.876645
2.4 0.887121
2.5 0.886584
2.6 0.890226
2.7 0.902148
2.8 0.8925
2.9 0.898974
3 0.885551
3.1 0.889042
3.2 0.887669
3.3 0.882073
3.4 0.894684
3.5 0.844448
3.6 0.855385
3.7 0.845751
3.8 0.831048
3.9 0.836338
4 0.853275
4.1 0.853715
4.2 0.853444
4.3 0.845419
4.4 0.848278
4.5 0.837819
4.6 0.845078
4.7 0.827431
4.8 0.84887
4.9 0.857778
5 0.840774
5.1 0.836074
5.2 0.842181
5.3 0.843949
5.4 0.844516
5.5 0.819069
5.6 0.841778
5.7 0.823178
5.8 0.824806
5.9 0.802969
6 0.808621
6.1 0.810535
6.2 0.80611
6.3 0.828954
6.4 0.821736
6.5 0.824531
6.6 0.827154
6.7 0.82752
6.8 0.793106
6.9 0.798985
7 0.786951
7.1 0.80247
7.2 0.821847
7.3 0.78328
7.4 0.804791
7.5 0.876015
7.6 0.800171
7.7 0.814165
7.8 0.81256
7.9 0.807431
8 0.814202
8.1 0.797808
8.2 0.800759
8.3 0.800676
8.4 0.811026
8.5 0.807312
8.6 0.805282
8.7 0.805886
8.8 0.893685
8.9 0.810323
9 0.921761
9.1 1.50627
9.2 1.54838
9.3 1.50051
9.4 1.22113
9.5 1.45777
9.6 1.49138
9.7 1.49598
9.8 1.52989
9.9 1.52093
10 1.4358
10.1 1.48506
10.2 1.47891
10.3 1.46505
10.4 1.43619
10.5 1.50988
10.6 1.50107
10.7 1.45746
10.8 1.4222
10.9 1.4855
11 1.54416
11.1 1.44051
11.2 1.53079
11.3 1.5742
11.4 1.54335
11.5 1.75002
11.6 1.81038
11.7 1.81168
11.8 1.82193
11.9 1.7642
12 1.69096
12.1 1.10272
12.2 0.994602
12.3 1.49553
12.4 1.19885
12.5 1.22389
12.6 1.29045
12.7 1.01358
12.8 1.10608
12.9 1.07056
13 0.945876
13.1 0.961401
13.2 0.981358
13.3 1.00307
13.4 1.03952
13.5 1.0768
13.6 1.10124
13.7 1.14226
13.8 1.1828
13.9 1.24104
14 1.32519
14.1 1.41942
14.2 1.52541
14.3 1.63297
14.4 1.73396
14.5 1.80852
14.6 1.89232
14.7 1.88938
14.8 1.10816
14.9 1.56997
15 1.61961
15.1 1.61179
15.2 1.60349
15.3 1.57955
15.4 1.56549
15.5 1.58496
15.6 1.54912
15.7 1.52588
15.8 1.53123
15.9 1.51146
16 1.4971
16.1 1.5025
16.2 1.48614
16.3 1.43501
16.4 1.40551
16.5 1.38988
16.6 1.42027
16.7 1.38857
16.8 1.39102
16.9 1.38718
17 1.35962
17.1 1.3456
17.2 1.34132
17.3 1.36378
17.4 1.39341
17.5 1.35216
17.6 1.35632
17.7 1.35315
17.8 1.31856
17.9 1.29076
18 1.2987
18.1 1.29052
18.2 1.28771
18.3 1.29129
18.4 1.30737
18.5 1.28697
18.6 1.27551
18.7 1.2579
18.8 1.29921
18.9 1.26817
19 1.28569
19.1 1.29358
19.2 1.27649
19.3 1.26442
19.4 1.26671
19.5 1.25465
19.6 1.21924
19.7 1.21535
19.8 1.23973
19.9 1.21694
20 1.20304
20.1 1.22002
20.2 1.2303
20.3 1.23278
20.4 1.2303
20.5 1.23184
20.6 1.2177
20.7 1.17897
20.8 1.1899
20.9 1.1947
21 1.17847
21.1 1.19126
21.2 1.17795
21.3 1.175
21.4 1.19409
21.5 1.17742
21.6 1.18763
21.7 1.16993
21.8 1.154
21.9 1.14629
22 1.1375
22.1 1.12576
22.2 1.11894
22.3 1.13488
22.4 1.15516
22.5 1.14317
22.6 1.12977
22.7 1.1267
22.8 1.15143
22.9 1.13124
23 1.0907
23.1 1.11189
23.2 1.13174
23.3 1.1343
23.4 1.09185
23.5 1.11772
23.6 1.11005
23.7 1.09876
23.8 1.08295
23.9 1.05082
24 1.07097
24.1 1.09542
24.2 1.04385
24.3 1.04217
24.4 1.0392
24.5 1.06769
24.6 1.04629
24.7 1.02736
24.8 1.05864
24.9 1.06524
25 1.05373
25.1 1.05107
25.2 1.06019
25.3 1.05658
25.4 1.02531
25.5 0.99056
25.6 1.01594
25.7 1.00322
25.8 1.01653
25.9 0.964135
26 1
26.1 0.973406
26.2 1
26.3 0.965892
26.4 0.948531
26.5 0.940965
26.6 0.933213
26.7 0.908257
26.8 0.911463
26.9 0.96384
27 0.96057
27.1 0.924524
27.2 0.892554
27.3 0.883942
27.4 0.878438
27.5 0.916232
27.6 0.900464
27.7 0.886937
27.8 0.93502
27.9 0.927179
28 0.916168
28.1 0.947825
28.2 0.922658
28.3 0.929812
28.4 0.883858
28.5 0.895563
28.6 0.888171
28.7 0.915608
28.8 0.857128
28.9 0.869939
29 0.84341
29.1 0.882074
29.2 0.847075
29.3 0.847048
29.4 0.801316
29.5 0.814611
29.6 0.838537
29.7 0.814611
29.8 0.81344
29.9 0.812254
30 0.83928
30.1 0.77903
30.2 0.769943
30.3 0.801316
30.4 0.849975
30.5 0.822002
30.6 0.82273
30.7 0.811053
30.8 0.843131
30.9 0.811053
31 0.840059
31.1 0.77903
31.2 0.784832
31.3 0.777608
31.4 0.818553
31.5 0.862947
31.6 0.766569
31.7 0.811238
31.8 0.803509
31.9 0.825057
32 0.769619
32.1 0.844129
32.2 0.846029
32.3 0.85947
32.4 0.834414
32.5 0.807355
32.6 0.811053
32.7 0.828954
32.8 0.855843
32.9 0.852846
33 0.834414
33.1 0.85561
33.2 0.860348
33.3 0.860348
33.4 0.864721
33.5 0.860348
33.6 0.883402
33.7 0.867297
33.8 0.884523
33.9 0.921049
34 0.909235
34.1 0.930037
34.2 0.855391
34.3 0.864912
34.4 0.884864
34.5 0.85257
34.6 0.808493
34.7 0.859993
34.8 0.866998
34.9 0.897517
35 0.871485
35.1 0.857706
35.2 0.813037
35.3 0.899306
35.4 0.878128
35.5 0.884523
35.6 0.912789
35.7 0.873736
35.8 0.924712
35.9 0.937894
36 0.94475
36.1 0.880223
36.2 0.918007
36.3 0.907924
36.4 0.929812
36.5 0.891851
36.6 0.898717
36.7 0.930607
36.8 0.924781
36.9 0.899071
37 0.899071
37.1 0.914753
37.2 0.924366
37.3 0.897928
37.4 0.900738
37.5 0.844636
37.6 0.853024
37.7 0.857981
37.8 0.854626
37.9 0.894818
38 0.903785
38.1 0.938599
38.2 0.912052
38.3 0.909925
38.4 0.914883
38.5 0.896622
38.6 0.889576
38.7 0.931765
38.8 0.952694
38.9 0.964858
39 0.905833
39.1 0.936224
39.2 0.926397
39.3 0.930366
39.4 0.893085
39.5 0.921997
39.6 0.933613
39.7 0.949237
39.8 0.925598
39.9 0.91983
40 0.940294
40.1 0.907389
40.2 0.862121
40.3 0.887734
40.4 0.902351
40.5 0.883903
40.6 0.884841
40.7 0.912537
40.8 0.938271
40.9 0.951906
41 0.931765
41.1 0.936921
41.2 0.909925
